Institute,City,Degree,Duration,Fee,Deadline,Subject
Women University Azad Jammu & Kashmir,Bagh,BS,4 Years,51660,01-09-2025,Dental Technology
University Of Science & Technology,Bannu,BS,4 Years,0,20-09-2025,Dental Technology
The University Of Buner,Buner,BS,4 Years,0,18-09-2025,Dental Technology
Gomal University,D.i. Khan,BS,4 Years,0,31-07-2025,Dental Technology
University Of Haripur,Haripur,BS,4 Years,48829,26-01-2026,Dental Technology
"Shaheed Zulfiqar Ali Bhutto Medical University, Pims",Islamabad,BS,4 Years,0,22-10-2025,Dental Technology
Dow University Of Health Sciences,Karachi,B.Sc. [Hons],4 Years,140000,20-12-2025,Dental Technology
Jinnah Sindh Medical University,Karachi,BS,4 Years,0,17-12-2025,Dental Technology
King Edward Medical University / Mayo Hospital,Lahore,B.Sc. [Hons],4 Years,54000,10-12-2025,Dental Technology
Nishtar Medical College / Nishter Hospital,Multan,BS,4 Years,0,06-01-2026,Dental Technology
Khyber Medical University,Peshawar,B.Sc.,4 Years,80000,30-10-2025,Dental Technology
The University Of Agriculture,Peshawar,BS,4 Years,0,15-08-2025,Dental Technology
University Of Peshawar,Peshawar,BS,4 Years,0,11-08-2025,Dental Technology
Bolan University Of Medical & Health Sciences,Quetta,AD,2 Years,0,20-01-2026,Dental Technology
University Of Swabi,Swabi,BS,4 Years,51270,16-09-2025,Dental Technology
The University Of Veterinary & Animal Sciences,Swat,BS,4 Years,18000,30-09-2025,Dental Technology
The University Of Faisalabad,Faisalabad,BS,4 Years,124875,07-10-2023,Dental Technology
Muslim Youth University,Islamabad,BS,4 Years,0,29-10-2025,Dental Technology
Sohail University,Karachi,BS,4 Years,0,17-10-2024,Dental Technology
Nur International University,Lahore,BS,4 Years,155278,18-01-2025,Dental Technology
Rashid Latif Khan University,Lahore,BS,4 Years,0,25-10-2025,Dental Technology
The Superior University,Lahore,BS,4 Years,0,31-01-2026,Dental Technology
University Of Management And Technology,Lahore,BS,4 Years,0,16-11-2024,Dental Technology
Northern University,Nowshera,BS,4 Years,30250,16-02-2026,Dental Technology
Abasyn University,Peshawar,BS,4 Years,0,01-02-2026,Dental Technology
Cecos University Of Information Tech. & Emerging Sciences,Peshawar,BS,4 Years,0,28-07-2025,Dental Technology
City University Of Science & Information Technology,Peshawar,BS,4 Years,0,10-11-2025,Dental Technology
Gandhara University,Peshawar,BS,4 Years,0,25-10-2025,Dental Technology
Iqra National University,Peshawar,BS,4 Years,80903,07-02-2026,Dental Technology
Sarhad University Of Science & Information Technology,Peshawar,BS,4 Years,66000,05-12-2025,Dental Technology
"Kmu Institute Of Health Sciences, G. I. Khan Campus",D.i. Khan,BS,4 Years,0,11-09-2025,Dental Technology
"Kmu Institute Of Health Sciences, Kohat",Kohat,BS,4 Years,0,11-09-2025,Dental Technology
"Kmu Institute Of Health Sciences, Hazara",Mansehra,BS,4 Years,0,11-09-2025,Dental Technology
"Institute Of Health Sciences, Kurram",Para Chinar,BS,4 Years,0,11-09-2025,Dental Technology
Kmu Institute Of Health Sciences,Swabi,BS,4 Years,0,11-09-2025,Dental Technology
Kmu Institute Of Health Sciences,Swat,BS,4 Years,0,11-09-2025,Dental Technology
"Iqra University, Chak Shahzad Campus",Islamabad,BS,4 Years,111180,29-02-2024,Dental Technology
Riphah International University Lahore,Lahore,BS,4 Years,0,15-01-2024,Dental Technology
"Iqra National Univesity, Swat Campus",Swat,BS,4 Years,77231,30-09-2025,Dental Technology
Institute Of Health Sciences,Islamabad,BS,4 Years,0,11-09-2025,Dental Technology
Bacha Khan Medical College,Mardan,BS,4 Years,0,28-11-2025,Dental Technology
Al- Qassar Institute Of Health Sciences,D.i. Khan,BS,4 Years,0,31-10-2020,Dental Technology
Al Wateen Institute Of Medical Sciences,Islamabad,BS,4 Years,0,22-02-2019,Dental Technology
Capital College Of Health Sciences,Islamabad,BS,4 Years,0,20-09-2022,Dental Technology
College Of Medical Technology/pims,Islamabad,BS,4 Years,0,18-09-2025,Dental Technology
"Professional College Of Medical Science, Karak Campus",Karak,BS,4 Years,0,14-12-2019,Dental Technology
Fmh College Of Medicine & Dentistry,Lahore,B.Sc. [Hons],4 Years,0,17-12-2022,Dental Technology
Rashid Latif Medical College,Lahore,BS,4 Years,0,19-01-2024,Dental Technology
Bakhtawar Amin Medical And Dental College,Multan,BS,4 Years,0,01-01-2025,Dental Technology
Ahmad Medical Institute,Peshawar,BS,4 Years,0,01-11-2019,Dental Technology
Ghazali Institute Of Medical Sciences,Peshawar,BS,4 Years,0,08-09-2025,Dental Technology
Hafeez Institute Of Medical Sciences,Peshawar,BS,4 Years,0,13-12-2021,Dental Technology
Hallmark College Of Pharmacy,Peshawar,BS,4 Years,0,29-01-2021,Dental Technology
Hefa Foundation,Peshawar,BS,4 Years,0,05-11-2020,Dental Technology
Institute Of Health Sciences,Peshawar,BS,4 Years,0,22-01-2022,Dental Technology
Khyber Pakhtunkhwa Institute Of Medical Sciences,Peshawar,BS,4 Years,0,15-01-2022,Dental Technology
National College Of Nursing,Peshawar,BS,4 Years,0,20-12-2025,Dental Technology
P E F University College,Peshawar,BS,4 Years,0,31-10-2025,Dental Technology
"Al Wateen Institute Of Medical Sciences, Rawalpindi Campus",Rawalpindi,BS,4 Years,0,23-02-2019,Dental Technology
Health Services Academy,Islamabad,BS,4 Years,0,31-01-2026,Dental Technology
Kmu Institute Of Medical Sciences,Kohat,BS,4 Years,0,18-10-2024,Dental Technology
The Childrens Hospital & The Institute Of Child Health,Lahore,B.Sc. [Hons],4 Years,0,29-11-2024,Dental Technology
Vertex Institute Of Science & Technology,Abbottabad,BS,4 Years,0,18-04-2025,Dental Technology
Dr. Ihsanullah Khan Medical Institute,Charsadda,BS (HONS),4 Years,136000,02-10-2022,Dental Technology
Bashir Institute Of Health Sciences,Islamabad,BS,4 Years,0,08-03-2023,Dental Technology
Fmh Institute Of Allied Health Sciences,Lahore,B.Sc. [Hons],4 Years,0,23-11-2023,Dental Technology
Kmu Institute Of Health Sciences,Mardan,BS,4 Years,0,11-09-2025,Dental Technology
Global Institute Of Medical Sciences,Peshawar,BS,4 Years,0,30-11-2024,Dental Technology
National Institute Of Health And Management Sciences,Peshawar,BS (HONS),4 Years,0,20-12-2025,Dental Technology
Premier Institute Of Health And Management Sciences,Peshawar,BS,4 Years,0,17-09-2024,Dental Technology
Rehman Medical Institute,Peshawar,BS,4 Years,0,13-09-2025,Dental Technology
Seena Institute Of Medical Sciences,Swabi,BS,4 Years,0,09-01-2022,Dental Technology
School Of Health Sciences,Peshawar,BS,4 Years,0,30-11-2020,Dental Technology
